11111111 78
1111111111 77.
1111111111 79.
1111111 75.
111νέ111 64.
11111111 17.

1111111 84.

1111111ηά111 84.

1111111111 89,
1111111111 79.
niza 74.
111111 62.
11611 47.
11111111 82.

1111νέ111111 84.

1111111 84.
1111111111 72.
palak 24.
palank 66.
pan6 61.
pancah 62
panffr 78.
parastfi 67.
pdra 52.
pars 80.
[11111111 76.Ι
ρ1εὲ1111 76.
pay 73.
paygssm 77.
paykfir 80.
paykar 80.
ρ1γ111111 80.

paymfidan 87.

payvast 87.
pi 30. ,
pidar 64.

108

pisffin 72.
p6r 64.

puhtan 33.
11111111 74.

pursidan 84.

pusar 64.
pusst 71.
qaesp 66. ’
qaz 68:
11111ἑ 85.
1111 69.-
1111 72.
tang 78.
1111111 76.

1ἰὲ 69.

1111111 86. ’

1ὀ1 86.

111 70.
rabah 66.
ruh 69.
1111111 68.
sak 28, 66.
111 26.
s4m6n 77.
11111111 27.
sar 68.

111 67.
sard 26.
sargank 72.
111111 72.
11111111 28.
sarm6 26.
s6ya 72.

si 61.

si 62.

sip& 82. '

siffidan 84.
111111 49.
111111 78.
1111111111 65.
1111111111 75.
siyah 82.
sugat 66.
sukar 66.
1111 66.
11111111 65.
1111611 72.
surh 28.
1111111 28.
sutrfin 65.
1111111111 86.
sutfin 76.
1111111 65.
1111111 75.
1111 77.

, §agira 76.

1111 74.
1111161111) 74.
664 61.

1111 62.
1111111111 71.
§infidam 86.
ἑ11 76.
1111111) 77.
11111111 86. ’
1111111011 86
1111111111 86.
1111111 63.
{utut 65.
taba 78.
1111111 28.
¹28 75.

 

