66611115 78.
05111 78.
65111151 78.
&ga 66.
61γό 78.
15111 75.
151111 68.
1511011 81.
tap 80.

tamara 56, 81.

15111115 81.
151115 88.
1111111 88.
tim 56, 81.

⁸ ., timi 56, 81.

6511151 69.
eaden 85.
651515 99.
dat 85.
651111 61.

6atv4ri1'1911 62.

6511 85.
cana 86.
canas 85.
6515115 84.
65151115 84.
6511115 84.
6aru 84.
6arman 50.
61 85.

cit 85.
6i1'11ay 85.
6111 86.

tu 52, 88.
111665 80.
tuna 52.
tup 88.
tul-aga 21.
111111 77.
111115 58.
111115 83.
10115 58.
111 61.
11111951 62.
115111 58.
1156 58.
115111 63.
1151111115 81.
(lanta 69.
(15111115 76.
day 75.

(159511 62.
das 69.

. dasyu 69.

(15 83, 88.
(11111511 80.
dig 56.
dip 88.
du 86.
dunaya 79.
(11115115 80.
(1111111161.
dm 70.
(1191115 87.
(105 71.
11οὲ51171.
(1011 77.
(111 67.
(11111176.
(111175.
dvi 61.
(1151577.

danus 55. ’

(15151 64.
(1511115 80.
(15 59.
(11111 65.
(15115115 15.
dara 11.
(11τὲ5 88.

- (1111· 21.

(111 44, 73.
(11 11, 15.
(1ῐὲ 11, 98.
(111 11. Ι
dyai 70.
1151115 47.
115115 73·
1151515 73.

..ag 47.

 

