gappal 18.
{au 15.

gog 65.
{os 45.
hid 78.
111(11)11 74.
111111ἰί11 86.
hur 21.
1111111111 77.
huy 66.
ih 26.
insey 62.
111111 71.
111111 67.
111111 68.
11151 64.
111111 64.
mah 63.

miilziig 67.

11111111 83.
111111 63.
1111)1 77.
midiig 82.
miyh 75.

miyziin 86.

miizd 76.
1111111111 79.
niih 73.
1111 31.
aaran 78.
od 32.
ohsk 70.

olie 38.
qarm 83.

qug 65.
qunb 69.

110

qus 45.
ragal) 81.
r6gon 82.
rast 82.
1111111 81.
razey 81.

1111111 81.

vohs 85.
rubas 85.
111111 85.
1111111 85.
⁸1ss 66.
sald 26.
1111111 26.
111 68.
111611 70.
111 61.

sau 82.
1111111 63·
stayi 68.
11111011) 65.
1111111111 74.
1111111111 74.
1111111 75.
talun 83.

uodt 32.
uolie 38. ,
11111 31.
11111111 78.

1111111111 16.

wind 70.
yefs 65.
'yehan 26.
yeue 61.
yu 61.

manig 64.
111111 71.

1111111 79.
11111111 79.
11115 87.
zoniiu 89.
11111111 79.
111 50.
111111 60.
11111 81.
fist 69.
1111)ρὸ1 61.

CELTIC.

agh 66..
atbair 64.
1111111111 69.
1111111111 61.
1111111111 8.
11111 66.
cat 66.
11111 68.
1116111111 69.
cioch 72.
11111 73.
olith 81.
deal 65.
deas 81.
deogal 65.
doinionn 79.
doireann 79.

 

