‚rgu 86.

‚tta 13.

ni 88.

,66 88.

ςὲἱ 37.
eka 61.
66666 89.
666 89.
otu 66.
66666 69.
66666 73.
666666 73.
’ 6666616 68.
66666 46.
66661) 32.

kapota 68, 86.

kam 36.
661 8.
6611 8.
661116 8.
661666 8.
6666666 8.

66161666 8. ⁸

kalya 8.
kavi 45.
6666666 67.
6666666 68.

. 6666666 8, 46.

6666 42.
66666 69.
666666 81.
6666 80.
66666 51.
666666 68.
666 56.
66166 19.

66 46.
6666666 36Δ
66666 19.
6661616 69.
kupya 37.
kubga 36.
kumba 36.
6616 73.
661166 8.
kulya 73.

66666666 67.

6666 21.
666616 79.

6666 36, 79.

6611 8.
66ς6 69.

66. 66. ’

6616 73.
6666 70.
kf 12.
ktp 68.
6661 67.
6ῐὲ 83.
618, 46.
kmar 71.

kl1va 8. .

kratu 76.
kravya 88.
kri 87.
krud 88.
66166 88.
66666 72.
6666 86.
66666 86.
666666 77.
6666166 77.

66666 39
6ἑί 76.
661666 86.
63166 76.
666 88.
6666 88.

66666 74. ’

6661) 88.

6666 66.
ς6ι1ἑ6 14.
gala 70.
gaya 88.
gilana 89.
gili 89.
guma 78.
guda 73.
gud 19.
gup 86.
guru 21.
guh 19.

g} 89.

go 85.
goivi 19.
3661666 83.
gomefia 66.
5666 46.
gn1 64.
5666 83.
grah 83.
griva 76.
&arma 83.
&asi 80.
ἑ666 70.
gale& 84.
gast& 72. ’
ἑ666 69.

 

