1111111 31.
tam 81.
1111 68.
tang 83.
111 81.
111111 82.
1111 78.
1έὲ 28. .
1111111 81.
111 28.
111111 83.
111 28.

tufka 69.
11111 77.

manag 78..

1111111111] 88.

1111111111 211.
1111111111 13.
1111111 23.
1111111111 68.
11111111 68.
1111111» 65.
111111 71.
1111ηὲ 71.
11111 66.
111111 71.
1111ίὲ 67.
ν111ἑ 67.
vaiag 67.
11111 68.

yah 26.

yak 61. ’

11ιὲ 79.
1111111 69.

1111111 87.
11111 67:

109

11111111 77,
11111111 39.
zan 64.
11111111 75.
11111111 76.
zand 75.
11ηὲ 60.
11111 72.
11111 67.
1111 76.

11 75.
zibaq 83.
1111 77.
1111111 34.
1111111111] 78.
11111 70.
111111 74.
11111 44.
1111111 73.
1111111 83. -
111 77.
11111 69.
iang 86.
11va 80.

OSE'PH.

1111 66.
{fseynfig 71.
111111 71.
111111 76.
1111111111 83.
ard 78.
ard'a'g 69.
arfiig 69.
1111111 69.
111 50.

11178.
&spii 61.
arw1de 64.
ast 62.
ayk 54.
awd 61.
awrag 78.
111115 69.
11 63.
balan 67.
111111 70, 72.
banond 70.
111111γί11 82.
bafigyin 82.
bile 69.
1111111 30.
bru 50.
1111111 67.
61ήὲ 75.
(11111115 69.
diis 62.
diittiin 80.
des 70.
dih 69.
dimfig 73.
don 79.
dua 61.
duat 76.
11111111 48.

111111 46.
flu 80.

1111111 33.
fonz. 61.
11111 64.

111111 61.
511111 66.

 

