sivn 75.
skay 76.
smbak 73.
661161 84.
sovk 74.

sovr 81.

³ ' spitak 81.

stin 71.
616111 65.
ster} 65.
stovar 65.
ε1ο1 65.
srovnh 71.
116161 88.
1161166111 62.
wagarakan 76.
1161161 88.
wari& 14.
1161111 76.
wat 83.
weh 83. ,

’ wei 61. ,
werinayin 76.Ι

1161188.
111170.
wigak 80.
1111146. ¹
wipel 88.
wkande184.
11116143.
1166184.
11116684.
1161611811.
11161584.
61616181.
“ tal 83.

105

16161 75.
1611 75.
tap 80.
161116111- 81.
1611611 78.
161161 46.
16611 61.
161 18.
1611 18.
16161 88.
16661161 76.

16611 76.

. tovn 52.

11161111 77.
161) 80.
16161 88.
1611 74.
1111 13.

1611 65.
iovp 74.

² ’1611611 60.
’ 1616611 70.

66116111 71.

’ ’ 6611111111 48. ’

11οὲ11 Q».
11611 7-1.
1161 64.

’ 161161.

1161 74.

1161666111 61.

hav 45.
11611161 66.
116111 65.
1161 77.
11111111 35.
hoyr 64.

, 116111 77.

11611111 46.
116611 61.
ad 32.

61 117, 81.

PERSICA.
111111 74.

’ 611111 69.

1111111 44.
6111111611 85.
111116 74.

1111611611 84.
andam 68. ’

6111161111. ’
6115111 74.

61151ιὲ1 71.
1111111 82.

11611 71.

. 111111 30.

6111111 71.
asp 65.
astar 66.
66161 75,
6611116 74.
15 78.

md 83.
6111611111 67.
1161180, 81.
bag 79.
6111161111 74.
6106116116 74.
6111111ξ 74.

ι’ bag 63. ’
1161111 78.

bah 75.
8

 

