90

11116111 61. 6111116 38. 1161661661 14.
36131161. 6111111 38. hasti 17. .
6111131 65. 66613 81. 113111 73.
316111 63. 116 83. ham 81.
61167. 1166611 63. 6611131663 31.
63616 81. 1136116 65, 70. 66663 81.
63613163 76. 113613 151, 6361611161.
6361616 63. · (1616611631ῐί 69. 6361611 61.
6366 31. (1316131311183. 66166613 63.
band 87. 11311611 69. 111116 69.
6316611166 75. (13661169. 6161316611 83.
661666 33. 1161666 81. 16611663 67.
6611171. 11311113 81. ’ 1613 45, 73.
6616 83. 1161613 70. 16616 68. .
661613170, 76. (113113 76. 1136366133 37.
616131 64. (11161161 64. 11ιὲ 46.
6116169. 11111613 80. 11616 66.
61116333 66. 1116 61. 1161376.
63184. 111616 76. strui 88.
6611361160, 61613 13. 11363116 77.
63611316 61. 6161313 74. 111131 61.
63613166316 61. 61611166 13. 11116611 61.
6316 68. . 61611183. ’ 1113616 66.
66131616 16. 1166113 73. 11136611.
661613 16. 11363 84. 11131666 81.
6316 61. 1166661166 14. 11131166 67.
6613116 35. 11366616 14. 11131116 63.
61611113 71. 1116116 71. 1113611167. ’
6111147. ‘ 66668. 16661163 77.
66618, 66. 631370. 1113163 68.
6661116 81. 66111 15. 1116613 69.
6166113 71. 661611 83. mere 83, 86. ,
61616 78. 66161116 83. 11111 86.
613116 65. 66116 64. 1116111116 67.
6111 86. 661116 69. 1161611161.
6111113 18. 61166 83. 661611 61.

 

