101

11111 67.
maht 67.
1111166 67.
mag-1 68. -
11111τὲ 67.
1111111 70.
1111111 71.
1111611 66.
mgak 66.
111161 83.
11131 64.
nu 67.
11661 69.

yffi. 54.

ο· . 616164.

uz 87.
1116] 87.
uid 87.
116611 69.

1111161116.

6661 83.
alogi 74.
azel 87.
616161 30.
6116611 81.
6166111 61.
’ 616616 43.
agel 87.
amam 78.
ayl 36. ·
61116611 41.
611661 89.

’ 61611611 76.

6111106111 77.
ag 81.

616111 87.
61166 30.
asel 87.
66161 76.
6611 78.
6616666 63.
aar 80.
6161161 31.
61116611 64.
61561 76.
611161 13.
611166 13.
miv 13.
movi 13.
arg 50.
6111161 73.

’ 6111166 73.

6161661111 71.
armtih 78.
61166611 79.
bag 79.
bagin 31.
bad 42.
11611 67.
bazovk 71.
1166116111 81.
bai 79.
1161611 14.
bakt 77.

bahovand 74. ·

1161161 88.
1161161 86.

handel 87.
11611161 83.
bast 77. ,
bastem 78.

 

