66666616 79. varsni 66. 661( 70. .
6166661684. · 66166 19. Ova 61.
6666 66. ν666ἑ6 67. 666666 74.
6166 73. vazga 67. 666166 74.
66111 80. vehrka 66. brak 68.
666666 61. vira 68. 6161169.
6666166616 69. vid 88. 666 66.
6666666 81. 6116666179. 61661 71.
667666 64.’ yava 79. plat 64,
660116 63. yaz 89. prank 66.
qafna 77. · ysss 63. pinza 61.
qufihrem 64. 6166611666 63. 666116 69.
6161 79. 611666 63. pfiy 73.
66666616 85. zairi 74. ’ 6611 71.
66616 86. 666 87, 89. praday 56
ratu 88. 666616 79. 6666 69.
161666 31. 66611 80. tay 65.
1661666 59. 6666 74. tiv 69.
tav 88. 66666661] 80. gang 85.
16 88. 66616166 79. 161( 68.
1166 63. 66616 71. &ang 65.
166166 77. 616666 77. 661 70.
1166166 77. zi 80. ’161166 61.

bri 61. 6616 78. 1616111 69. Ι
6616616 69. 1666 79. 616 68.
(6ςί 19. ina 80. har 66.
(61166 65. hvar 91.

“ 16116 64.
AFGHAN· 1666 64.

666616 93.
upamaiti 93.
666ρὶ6 43. uvyfi 69. 1666111 64.
66666 19. 1s65. 1166 65.
va6ga 80. 11661. dire 61!
66166 63. 1151 69. duva 61.
6616 87. 06 65. (1166 69.
61116 65. 16161 87. zita 71. ’
van 88. . 16 65. . 6066 64

 

