gnssakel 67.

got 84.

gnrnk 84.
0 81.

guglovk 67.
00010 74.

00010110 76.
mayr 64.
0000000010 73.
marai 67.
mard 63.
000000 80.
00000010 68.

me} 80.
meh 77.
00000011 83.
meh 63.
00οἕ 83.
001001 86.’
00110000 74.
mog 99.

mom 78.
00000001 86.

0000100 66.
movt 69.
000ξὶοη 67.
00001 89.

0011 89.
000001 83.

yavitenakan 83.

yisovn 69.
yoys 80.
001( 77.
0011010 77.
nayel 89.
nan 76.

104

000 80.

0000000001 96.

mvl) 93.
net 76.
Nerseh 96.
nerhoy 77.
nizak 74.
nkar 84.
nman 84.
nov 65.
0000οἑ01 84.
000001 84.

novartan 84.

001001( 75.
00101 89.
0000 66.
§nvnc 89.
100100 98.
00010 79.
0100 77.
ozni 34.
010000 74.

’000 96.

ordi 64.
orm 76.
001οἰ 48.
oskr 68.
010 48, 73.
000 69.

0000000 69.

001 19
000 71.
00001 85.

ovrganal 87.

000000 74.
10010 61.

00100000 76.
000110 80. “
payman 80.
pauit 78.
000101 64.
000000 81.

000100 78.
00110000 77.

0011000 80..
00110080.
0010000187.
0010000181.
00101οἓ 74.
000060000οἰοη 48.
0000011101 48.
000000010187.
00180.
001000 80. .
000 76.
pind 81.
01οξ 69.
000 73.
ἓο083.
{erm 83.
00100 66. “
samoyr 97.
0001196.
sam 96.
000. 68.
00000168.
0000001076.
000089.
00089.
00000188.
010081.
010171. “

 

