saptan 61.
6616111666 31.
sad 11.Ι
66166 12.
66666 11.
sarva 62.
661661111 17.
66666 81.
661116 62.
66116616 62.
6111 12.
6111666 12.
611666 76.
sid 42.
6616111 21.
6611 21.
suri 21.

66616666 82.
6016 21.

611611 86.
61666 72.
stiv 60.

,1 . 61161116 86.

6666616 61.
666616 61.
Qvi 82.
66616 82.
6611116 65.
666 61.
16611 62.
6611111 72.
66111 11.
6611116166 11.
666 33.

sap 33.

6661611 62. .

61666116 86.
61611 65.
616 86.
stfipa 86.
616 78.
66616 18.
611666 75.
6111666 88.
6116 17.
611166 17
666 47.
66611 65.

61111 86.

66611Ι 61.
Ι66611 86.
666111 63.
6666116 77.
6661 21.
66616116 21.
666166 21.
66661 61.
666116 78.
1161166 68.
11611 87.
116116 70.
1161 83.
1161666 71.
11611 74.

Ἴ 116616 71. ’

11116 50.
11116 51.
111 80.
111616 78. ,
11116116 50.

11111 71. -
hrdaya 71.
hyas 76.

ZEND.

6666 65.
6616 68.
6166 61.
611111 43.

angusta 71.·
66111661 26.

61616 13.

 

